value,1.5060E-16,0.01045,0.00045
value,1.3588E-16,0.01135,0.00045
value,1.2460E-16,0.01225,0.00045
value,1.1620E-16,0.01315,0.00045
value,1.0832E-16,0.01405,0.00045
value,1.0015E-16,0.01495,0.00045
value,9.2815E-17,0.01585,0.00045
value,8.7443E-17,0.01675,0.00045
value,8.1499E-17,0.01765,0.00045
value,7.9745E-17,0.01855,0.00045
value,7.5030E-17,0.01945,0.00045
value,6.9646E-17,0.02035,0.00045
value,7.0607E-17,0.02125,0.00045
value,6.1792E-17,0.02215,0.00045
value,6.0913E-17,0.02305,0.00045
value,5.9057E-17,0.02395,0.00045
value,5.7478E-17,0.02485,0.00045
value,6.0050E-17,0.02575,0.00045
value,5.8297E-17,0.02665,0.00045
value,4.7822E-17,0.02755,0.00045
value,4.3185E-17,0.02845,0.00045
value,4.5707E-17,0.02935,0.00045
value,4.5629E-17,0.03025,0.00045
value,4.4970E-17,0.03115,0.00045
value,4.4490E-17,0.03205,0.00045
value,4.2183E-17,0.03295,0.00045
value,3.9506E-17,0.03385,0.00045
value,3.7531E-17,0.03475,0.00045
value,3.6613E-17,0.03565,0.00045
value,3.5918E-17,0.03655,0.00045
value,3.5499E-17,0.03745,0.00045
value,3.4455E-17,0.03835,0.00045
value,3.5168E-17,0.03925,0.00045
value,3.3690E-17,0.04015,0.00045
value,3.3884E-17,0.04105,0.00045
value,3.2156E-17,0.04195,0.00045
value,3.2678E-17,0.04285,0.00045
value,3.0690E-17,0.04375,0.00045
value,3.1106E-17,0.04465,0.00045
value,2.9273E-17,0.04555,0.00045
value,2.9573E-17,0.04645,0.00045
value,2.9317E-17,0.04735,0.00045
value,2.8865E-17,0.04825,0.00045
value,3.0662E-17,0.04915,0.00045
value,3.0109E-17,0.05005,0.00045
value,2.8792E-17,0.05095,0.00045
value,2.8121E-17,0.05185,0.00045
value,2.6288E-17,0.05275,0.00045
value,2.6879E-17,0.05365,0.00045
value,2.7549E-17,0.05455,0.00045
value,1.8712E-17,0.05545,0.00045
value,1.8022E-17,0.05635,0.00045
value,2.0965E-17,0.05725,0.00045
value,2.0782E-17,0.05815,0.00045
value,2.2495E-17,0.05905,0.00045
value,2.2431E-17,0.05995,0.00045
value,2.2407E-17,0.06085,0.00045
value,2.1787E-17,0.06175,0.00045
value,2.1515E-17,0.06265,0.00045
value,2.0690E-17,0.06355,0.00045
value,2.2233E-17,0.06445,0.00045
value,2.0915E-17,0.06535,0.00045
value,2.0557E-17,0.06625,0.00045
value,1.9871E-17,0.06715,0.00045
value,2.0253E-17,0.06805,0.00045
value,1.9351E-17,0.06895,0.00045
value,1.9334E-17,0.06985,0.00045
value,1.9874E-17,0.07075,0.00045
value,1.9401E-17,0.07165,0.00045
value,1.9432E-17,0.07255,0.00045
value,1.8345E-17,0.07345,0.00045
value,1.6861E-17,0.07435,0.00045
value,1.8158E-17,0.07525,0.00045
value,1.7707E-17,0.07615,0.00045
value,1.8071E-17,0.07705,0.00045
value,1.7531E-17,0.07795,0.00045
value,1.7681E-17,0.07885,0.00045
value,1.7813E-17,0.07975,0.00045
value,1.7773E-17,0.08065,0.00045
value,1.7700E-17,0.08155,0.00045
value,1.6973E-17,0.08245,0.00045
value,1.5803E-17,0.08335,0.00045
value,1.5010E-17,0.08425,0.00045
value,1.4582E-17,0.08515,0.00045
value,1.5692E-17,0.08605,0.00045
value,1.5147E-17,0.08695,0.00045
value,1.5187E-17,0.08785,0.00045
value,1.0352E-17,0.08875,0.00045
value,1.3399E-17,0.08965,0.00045
value,1.3839E-17,0.09055,0.00045
value,1.3871E-17,0.09145,0.00045
value,1.4385E-17,0.09235,0.00045
value,1.4379E-17,0.09325,0.00045
value,1.4361E-17,0.09415,0.00045
value,1.4217E-17,0.09505,0.00045
value,1.4191E-17,0.09595,0.00045
value,1.3835E-17,0.09685,0.00045
value,1.3984E-17,0.09775,0.00045
value,1.4537E-17,0.09865,0.00045
value,1.4087E-17,0.09955,0.00247
value,1.2887E-17,0.10450,0.00450
value,1.1745E-17,0.11350,0.00450
value,1.3099E-17,0.12250,0.00450
value,8.9823E-18,0.13150,0.00450
value,9.3882E-18,0.14050,0.00450
value,8.8027E-18,0.14950,0.00450
value,9.9458E-18,0.15850,0.00450
value,7.7775E-18,0.16750,0.00450
value,7.0805E-18,0.17650,0.00450
value,6.4088E-18,0.18550,0.00450
value,6.3618E-18,0.19450,0.00450
value,6.4456E-18,0.20350,0.00450
value,5.1132E-18,0.21250,0.00450
value,5.2134E-18,0.22150,0.00450
value,6.1045E-18,0.23050,0.00450
value,5.6043E-18,0.23950,0.00450
value,4.0969E-18,0.24850,0.00450
value,4.1707E-18,0.25750,0.00450
value,4.4106E-18,0.26650,0.00450
value,4.5487E-18,0.27550,0.00450
value,4.5645E-18,0.28450,0.00450
value,3.5728E-18,0.29350,0.00450
value,4.4352E-18,0.30250,0.00450
value,4.9766E-18,0.31150,0.00450
value,4.3289E-18,0.32050,0.00450
value,3.1845E-18,0.32950,0.00450
value,3.1723E-18,0.33850,0.00450
value,3.2530E-18,0.34750,0.00450
value,2.5725E-18,0.35650,0.00450
value,2.2993E-18,0.36550,0.00450
value,2.1805E-18,0.37450,0.00450
value,2.0375E-18,0.38350,0.00450
value,2.1030E-18,0.39250,0.00450
value,2.2168E-18,0.40150,0.00450
value,2.1562E-18,0.41050,0.00450
value,1.8961E-18,0.41950,0.00450
value,1.6486E-18,0.42850,0.00450
value,1.5343E-18,0.43750,0.00450
value,1.7368E-18,0.44650,0.00450
value,2.1334E-18,0.45550,0.00450
value,2.5522E-18,0.46450,0.00450
value,2.7937E-18,0.47350,0.00450
value,3.0191E-18,0.48250,0.00450
value,3.1399E-18,0.49150,0.00450
value,3.2744E-18,0.50050,0.00450
value,2.4472E-18,0.50950,0.00450
value,2.7921E-18,0.51850,0.00450
value,2.8125E-18,0.52750,0.00450
value,2.8469E-18,0.53650,0.00450
value,3.1762E-18,0.54550,0.00450
value,3.0042E-18,0.55450,0.00450
value,2.7392E-18,0.56350,0.00450
value,2.7408E-18,0.57250,0.00450
value,2.6354E-18,0.58150,0.00450
value,2.3637E-18,0.59050,0.00450
value,2.3333E-18,0.59950,0.00450
value,2.1829E-18,0.60850,0.00450
value,2.2499E-18,0.61750,0.00450
value,2.4172E-18,0.62650,0.00450
value,2.8607E-18,0.63550,0.00450
value,2.0418E-18,0.64450,0.00450
value,2.1180E-18,0.65350,0.00450
value,2.0641E-18,0.66250,0.00450
value,2.1271E-18,0.67150,0.00450
value,1.9246E-18,0.68050,0.00450
value,1.9323E-18,0.68950,0.00450
value,1.9731E-18,0.69850,0.00450
value,2.0387E-18,0.70750,0.00450
value,1.9383E-18,0.71650,0.00450
value,1.9268E-18,0.72550,0.00450
value,1.9566E-18,0.73450,0.00450
value,1.5548E-18,0.74350,0.00450
value,1.6930E-18,0.75250,0.00450
value,1.8708E-18,0.76150,0.00450
value,1.6183E-18,0.77050,0.00450
value,1.6116E-18,0.77950,0.00450
value,1.7404E-18,0.78850,0.00450
value,1.5284E-18,0.79750,0.00450
value,1.4937E-18,0.80650,0.00450
value,1.3796E-18,0.81550,0.00450
value,1.2576E-18,0.82450,0.00450
value,1.2756E-18,0.83350,0.00450
value,1.1711E-18,0.84250,0.00450
value,1.2020E-18,0.85150,0.00450
value,1.0925E-18,0.86050,0.00450
value,1.0262E-18,0.86950,0.00450
value,9.5287E-19,0.87850,0.00450
value,8.2568E-19,0.88750,0.00450
value,8.0250E-19,0.89650,0.00450
value,7.4065E-19,0.90550,0.00450
value,6.6609E-19,0.91450,0.00450
value,6.9344E-19,0.92350,0.00450
value,6.7428E-19,0.93250,0.00450
value,6.3282E-19,0.94150,0.00450
value,5.9304E-19,0.95050,0.00450
value,5.8952E-19,0.95950,0.00450
value,5.0952E-19,0.96850,0.00450
value,4.7101E-19,0.97750,0.00450
value,4.8602E-19,0.98650,0.00450
value,4.7401E-19,0.99550,0.02475
value,5.9483E-19,1.04500,0.04500
value,8.3023E-19,1.13500,0.04500
value,8.2073E-19,1.22500,0.04500
value,5.9161E-19,1.31500,0.04500
value,7.3188E-19,1.40500,0.04500
value,6.5554E-19,1.49500,0.04500
value,5.1862E-19,1.58500,0.04500
value,4.8886E-19,1.67500,0.04500
value,4.9261E-19,1.76500,0.04500
value,3.8665E-19,1.85500,0.04500
value,3.5761E-19,1.94500,0.04500
value,4.2606E-19,2.03500,0.04500
value,4.1106E-19,2.12500,0.04500
value,4.5332E-19,2.21500,0.04500
value,5.6640E-19,2.30500,0.04500
value,4.3769E-19,2.39500,0.04500
value,2.1598E-19,2.48500,0.04500
value,1.6380E-19,2.57500,0.04500
value,1.3439E-19,2.66500,0.04500
value,1.1244E-19,2.75500,0.04500
value,1.0529E-19,2.84500,0.04500
value,7.7529E-20,2.93500,0.04500
value,6.4763E-20,3.02500,0.04500
value,5.7380E-20,3.11500,0.04500
value,4.1499E-20,3.20500,0.04500
value,3.5568E-20,3.29500,0.04500
value,3.0006E-20,3.38500,0.04500
value,3.3153E-20,3.47500,0.04500
value,2.4251E-20,3.56500,0.04500
value,2.4078E-20,3.65500,0.04500
value,2.5428E-20,3.74500,0.04500
value,3.2885E-20,3.83500,0.04500
value,3.2999E-20,3.92500,0.04500
value,2.8133E-20,4.01500,0.04500
value,3.5465E-20,4.10500,0.04500
value,2.2709E-20,4.19500,0.04500
value,2.4551E-20,4.28500,0.04500
value,1.8566E-20,4.37500,0.04500
value,2.4686E-20,4.46500,0.04500
value,2.2758E-20,4.55500,0.04500
value,3.3106E-20,4.64500,0.04500
value,3.4910E-20,4.73500,0.04500
value,1.7894E-20,4.82500,0.04500
value,1.9347E-20,4.91500,0.04500
value,1.9338E-20,5.00500,0.04500
value,1.3199E-20,5.09500,0.04500
value,1.4390E-20,5.18500,0.04500
value,1.1298E-20,5.27500,0.04500
value,1.7244E-20,5.36500,0.04500
value,1.2433E-20,5.45500,0.04500
value,1.0105E-20,5.54500,0.04500
value,7.0201E-21,5.63500,0.04500
value,8.1151E-21,5.72500,0.04500
value,9.2795E-21,5.81500,0.04500
value,7.1733E-21,5.90500,0.04500
value,1.1193E-20,5.99500,0.04500
value,1.2755E-20,6.08500,0.04500
value,1.4058E-20,6.17500,0.04500
value,5.8224E-21,6.26500,0.04500
value,5.0736E-21,6.35500,0.04500
value,8.6752E-21,6.44500,0.04500
value,8.0044E-21,6.53500,0.04500
value,6.3246E-21,6.62500,0.04500
value,6.2282E-21,6.71500,0.04500
value,3.7973E-21,6.80500,0.04500
value,4.8700E-21,6.89500,0.04500
value,5.3850E-21,6.98500,0.04500
value,5.4807E-21,7.07500,0.04500
value,4.0048E-21,7.16500,0.04500
value,4.4981E-21,7.25500,0.04500
value,5.0122E-21,7.34500,0.04500
value,3.2794E-21,7.43500,0.04500
value,4.0742E-21,7.52500,0.04500
value,4.6563E-21,7.61500,0.04500
value,9.4709E-22,7.70500,0.04500
value,9.9457E-22,7.79500,0.04500
value,1.4249E-21,7.88500,0.04500
value,2.3289E-21,7.97500,0.04500
value,4.2523E-21,8.06500,0.04500
value,1.3412E-21,8.15500,0.04500
value,9.3851E-22,8.24500,0.04500
value,1.9107E-21,8.33500,0.04500
value,1.5699E-21,8.42500,0.04500
value,1.3308E-21,8.51500,0.04500
value,3.3950E-22,8.60500,0.04500
value,1.5821E-21,8.69500,0.04500
value,1.0567E-21,8.78500,0.04500
value,7.3651E-22,8.87500,0.04500
value,2.2107E-21,8.96500,0.04500
value,9.4944E-22,9.05500,0.04500
value,1.8488E-21,9.14500,0.04500
value,1.0222E-21,9.23500,0.04500
value,1.9545E-21,9.32500,0.04500
value,1.6279E-21,9.41500,0.04500
value,1.2866E-21,9.50500,0.04500
value,8.6722E-22,9.59500,0.04500
value,1.2482E-21,9.68500,0.04500
value,8.3916E-22,9.77500,0.04500
value,7.2202E-22,9.86500,0.04500
value,1.3053E-21,9.95500,0.24750
value,5.0665E-22,10.45000,0.45000
value,7.2254E-22,11.35000,0.45000
value,7.9069E-22,12.25000,0.45000
value,4.2710E-22,13.15000,0.45000
value,1.6046E-22,14.05000,0.45000
value,2.2624E-22,14.95000,0.45000
value,4.6040E-22,15.85000,0.45000
value,2.8646E-22,16.75000,0.45000
value,2.1936E-22,17.65000,0.45000
value,4.8802E-22,18.55000,0.45000
value,2.7923E-22,19.45000,0.45000
value,1.9782E-22,20.35000,0.45000
value,1.4646E-22,21.25000,0.45000
value,4.2720E-22,22.15000,0.45000
value,2.0038E-22,23.05000,0.45000
value,4.6837E-23,23.95000,0.45000
value,1.2716E-22,24.85000,0.45000
value,1.1200E-22,25.75000,0.45000
value,4.9478E-22,26.65000,0.45000
value,2.2036E-22,27.55000,0.45000
value,3.7971E-22,28.45000,0.45000
value,9.0873E-23,29.35000,0.45000
value,6.3062E-23,30.25000,0.45000
value,2.9464E-23,31.15000,0.45000
value,5.6765E-23,32.05000,0.45000
value,2.9723E-22,32.95000,0.45000
value,3.5368E-22,33.85000,0.45000
value,7.9287E-23,34.75000,0.45000
value,3.9343E-23,35.65000,0.45000
value,2.4098E-23,36.55000,0.45000
value,1.0870E-24,37.45000,0.45000
value,7.9103E-24,38.35000,0.45000
value,1.4409E-24,39.25000,0.45000
value,2.9578E-24,40.15000,0.45000
value,6.7784E-24,41.05000,0.45000
value,1.8356E-23,41.95000,0.45000
value,6.1195E-25,42.85000,0.45000
value,2.8634E-24,43.75000,0.45000
value,4.1900E-23,44.65000,0.45000
value,2.0254E-23,45.55000,0.45000
value,1.8318E-23,46.45000,0.45000
value,7.5874E-23,47.35000,0.45000
value,2.2065E-25,48.25000,0.45000
value,4.8769E-23,49.15000,0.45000
value,4.2916E-25,50.05000,0.45000
value,3.0363E-25,50.95000,0.45000
value,2.9725E-25,51.85000,0.45000
value,2.4510E-25,52.75000,0.45000
value,3.9139E-25,53.65000,0.45000
value,3.7488E-25,54.55000,0.45000
value,3.3786E-24,55.45000,0.45000
value,7.1903E-26,56.35000,0.45000
value,7.8849E-26,57.25000,0.45000
value,1.6272E-25,58.15000,0.45000
value,3.2255E-25,59.05000,0.45000
value,2.0703E-25,59.95000,0.45000
value,6.5349E-25,60.85000,0.45000
value,4.5983E-23,61.75000,0.45000
value,2.0372E-25,62.65000,0.45000
value,5.3991E-25,63.55000,0.45000
value,6.6233E-25,64.45000,0.45000
value,5.5975E-23,65.35000,0.45000
value,2.6479E-25,66.25000,0.00000
