value,1.2429E-20,0.01045,0.00045
value,1.1288E-20,0.01135,0.00045
value,1.0499E-20,0.01225,0.00045
value,9.9529E-21,0.01315,0.00045
value,9.0219E-21,0.01405,0.00045
value,8.7449E-21,0.01495,0.00045
value,7.8297E-21,0.01585,0.00045
value,7.6238E-21,0.01675,0.00045
value,6.9908E-21,0.01765,0.00045
value,7.0266E-21,0.01855,0.00045
value,6.4501E-21,0.01945,0.00045
value,5.8468E-21,0.02035,0.00045
value,5.9559E-21,0.02125,0.00045
value,5.3369E-21,0.02215,0.00045
value,5.4580E-21,0.02305,0.00045
value,5.3136E-21,0.02395,0.00045
value,4.9910E-21,0.02485,0.00045
value,4.9172E-21,0.02575,0.00045
value,5.2290E-21,0.02665,0.00045
value,4.2187E-21,0.02755,0.00045
value,3.8381E-21,0.02845,0.00045
value,3.9294E-21,0.02935,0.00045
value,4.0073E-21,0.03025,0.00045
value,4.2284E-21,0.03115,0.00045
value,4.1379E-21,0.03205,0.00045
value,3.9951E-21,0.03295,0.00045
value,3.6884E-21,0.03385,0.00045
value,3.2940E-21,0.03475,0.00045
value,3.2609E-21,0.03565,0.00045
value,3.2516E-21,0.03655,0.00045
value,2.9130E-21,0.03745,0.00045
value,3.4080E-21,0.03835,0.00045
value,3.3046E-21,0.03925,0.00045
value,3.1391E-21,0.04015,0.00045
value,3.1040E-21,0.04105,0.00045
value,3.2437E-21,0.04195,0.00045
value,2.9769E-21,0.04285,0.00045
value,2.9974E-21,0.04375,0.00045
value,2.7745E-21,0.04465,0.00045
value,2.8649E-21,0.04555,0.00045
value,2.7402E-21,0.04645,0.00045
value,2.7791E-21,0.04735,0.00045
value,2.8424E-21,0.04825,0.00045
value,2.7728E-21,0.04915,0.00045
value,2.7272E-21,0.05005,0.00045
value,2.7867E-21,0.05095,0.00045
value,2.6749E-21,0.05185,0.00045
value,2.8944E-21,0.05275,0.00045
value,2.5443E-21,0.05365,0.00045
value,2.5078E-21,0.05455,0.00045
value,1.5577E-21,0.05545,0.00045
value,1.6454E-21,0.05635,0.00045
value,1.7903E-21,0.05725,0.00045
value,2.1626E-21,0.05815,0.00045
value,2.0166E-21,0.05905,0.00045
value,2.0265E-21,0.05995,0.00045
value,1.9660E-21,0.06085,0.00045
value,1.9943E-21,0.06175,0.00045
value,2.0289E-21,0.06265,0.00045
value,2.0257E-21,0.06355,0.00045
value,1.9970E-21,0.06445,0.00045
value,2.0744E-21,0.06535,0.00045
value,2.0745E-21,0.06625,0.00045
value,1.9201E-21,0.06715,0.00045
value,2.0256E-21,0.06805,0.00045
value,2.0113E-21,0.06895,0.00045
value,1.8775E-21,0.06985,0.00045
value,1.9697E-21,0.07075,0.00045
value,1.9688E-21,0.07165,0.00045
value,1.8958E-21,0.07255,0.00045
value,1.7819E-21,0.07345,0.00045
value,1.6671E-21,0.07435,0.00045
value,1.6246E-21,0.07525,0.00045
value,1.7829E-21,0.07615,0.00045
value,1.7691E-21,0.07705,0.00045
value,1.7939E-21,0.07795,0.00045
value,1.5828E-21,0.07885,0.00045
value,1.7991E-21,0.07975,0.00045
value,1.7999E-21,0.08065,0.00045
value,1.7333E-21,0.08155,0.00045
value,1.6117E-21,0.08245,0.00045
value,1.4644E-21,0.08335,0.00045
value,1.4349E-21,0.08425,0.00045
value,1.4215E-21,0.08515,0.00045
value,1.3699E-21,0.08605,0.00045
value,1.5313E-21,0.08695,0.00045
value,1.6101E-21,0.08785,0.00045
value,9.8667E-22,0.08875,0.00045
value,1.2272E-21,0.08965,0.00045
value,1.3916E-21,0.09055,0.00045
value,1.4385E-21,0.09145,0.00045
value,1.4579E-21,0.09235,0.00045
value,1.3825E-21,0.09325,0.00045
value,1.3242E-21,0.09415,0.00045
value,1.5542E-21,0.09505,0.00045
value,1.4632E-21,0.09595,0.00045
value,1.3882E-21,0.09685,0.00045
value,1.4216E-21,0.09775,0.00045
value,1.3686E-21,0.09865,0.00045
value,1.3861E-21,0.09955,0.00247
value,1.2959E-21,0.10450,0.00450
value,1.2153E-21,0.11350,0.00450
value,1.3925E-21,0.12250,0.00450
value,8.6438E-22,0.13150,0.00450
value,9.7550E-22,0.14050,0.00450
value,9.3837E-22,0.14950,0.00450
value,1.0288E-21,0.15850,0.00450
value,7.7602E-22,0.16750,0.00450
value,7.1801E-22,0.17650,0.00450
value,6.5707E-22,0.18550,0.00450
value,6.2147E-22,0.19450,0.00450
value,6.4805E-22,0.20350,0.00450
value,4.9237E-22,0.21250,0.00450
value,5.0084E-22,0.22150,0.00450
value,6.3354E-22,0.23050,0.00450
value,5.6582E-22,0.23950,0.00450
value,4.0093E-22,0.24850,0.00450
value,4.1704E-22,0.25750,0.00450
value,4.6752E-22,0.26650,0.00450
value,4.8889E-22,0.27550,0.00450
value,4.9311E-22,0.28450,0.00450
value,3.5519E-22,0.29350,0.00450
value,4.7575E-22,0.30250,0.00450
value,5.3839E-22,0.31150,0.00450
value,4.7571E-22,0.32050,0.00450
value,3.1718E-22,0.32950,0.00450
value,3.3786E-22,0.33850,0.00450
value,3.5250E-22,0.34750,0.00450
value,2.6123E-22,0.35650,0.00450
value,2.5925E-22,0.36550,0.00450
value,2.4195E-22,0.37450,0.00450
value,2.2834E-22,0.38350,0.00450
value,2.1554E-22,0.39250,0.00450
value,2.0761E-22,0.40150,0.00450
value,2.0973E-22,0.41050,0.00450
value,2.0300E-22,0.41950,0.00450
value,1.5212E-22,0.42850,0.00450
value,1.4945E-22,0.43750,0.00450
value,1.7181E-22,0.44650,0.00450
value,2.4229E-22,0.45550,0.00450
value,2.8067E-22,0.46450,0.00450
value,3.1687E-22,0.47350,0.00450
value,3.5900E-22,0.48250,0.00450
value,3.8329E-22,0.49150,0.00450
value,3.7460E-22,0.50050,0.00450
value,2.9932E-22,0.50950,0.00450
value,3.5200E-22,0.51850,0.00450
value,3.7201E-22,0.52750,0.00450
value,3.6186E-22,0.53650,0.00450
value,4.1744E-22,0.54550,0.00450
value,3.7127E-22,0.55450,0.00450
value,3.2051E-22,0.56350,0.00450
value,3.1353E-22,0.57250,0.00450
value,3.7178E-22,0.58150,0.00450
value,2.6621E-22,0.59050,0.00450
value,2.6757E-22,0.59950,0.00450
value,2.8615E-22,0.60850,0.00450
value,2.8740E-22,0.61750,0.00450
value,2.9606E-22,0.62650,0.00450
value,3.2407E-22,0.63550,0.00450
value,2.7124E-22,0.64450,0.00450
value,2.8023E-22,0.65350,0.00450
value,2.9308E-22,0.66250,0.00450
value,2.9549E-22,0.67150,0.00450
value,2.5680E-22,0.68050,0.00450
value,2.8115E-22,0.68950,0.00450
value,2.7123E-22,0.69850,0.00450
value,2.9351E-22,0.70750,0.00450
value,2.9600E-22,0.71650,0.00450
value,2.8189E-22,0.72550,0.00450
value,2.5941E-22,0.73450,0.00450
value,2.3300E-22,0.74350,0.00450
value,2.3969E-22,0.75250,0.00450
value,2.5816E-22,0.76150,0.00450
value,2.3397E-22,0.77050,0.00450
value,1.8957E-22,0.77950,0.00450
value,2.5132E-22,0.78850,0.00450
value,2.1656E-22,0.79750,0.00450
value,2.0613E-22,0.80650,0.00450
value,2.0704E-22,0.81550,0.00450
value,1.6830E-22,0.82450,0.00450
value,1.9032E-22,0.83350,0.00450
value,1.7945E-22,0.84250,0.00450
value,1.6958E-22,0.85150,0.00450
value,1.5576E-22,0.86050,0.00450
value,1.5316E-22,0.86950,0.00450
value,1.4166E-22,0.87850,0.00450
value,1.1663E-22,0.88750,0.00450
value,1.1642E-22,0.89650,0.00450
value,9.5507E-23,0.90550,0.00450
value,9.5861E-23,0.91450,0.00450
value,9.2054E-23,0.92350,0.00450
value,8.8308E-23,0.93250,0.00450
value,9.1900E-23,0.94150,0.00450
value,9.0636E-23,0.95050,0.00450
value,7.7984E-23,0.95950,0.00450
value,8.0952E-23,0.96850,0.00450
value,7.1706E-23,0.97750,0.00450
value,5.3912E-23,0.98650,0.00450
value,6.4701E-23,0.99550,0.02475
value,8.0494E-23,1.04500,0.04500
value,1.2150E-22,1.13500,0.04500
value,1.2434E-22,1.22500,0.04500
value,8.8129E-23,1.31500,0.04500
value,1.2178E-22,1.40500,0.04500
value,1.0602E-22,1.49500,0.04500
value,8.4840E-23,1.58500,0.04500
value,8.2212E-23,1.67500,0.04500
value,8.9039E-23,1.76500,0.04500
value,6.4985E-23,1.85500,0.04500
value,5.9976E-23,1.94500,0.04500
value,7.6397E-23,2.03500,0.04500
value,7.6699E-23,2.12500,0.04500
value,8.9824E-23,2.21500,0.04500
value,1.2035E-22,2.30500,0.04500
value,1.0053E-22,2.39500,0.04500
value,4.9105E-23,2.48500,0.04500
value,4.2842E-23,2.57500,0.04500
value,3.8599E-23,2.66500,0.04500
value,3.2202E-23,2.75500,0.04500
value,2.5441E-23,2.84500,0.04500
value,2.0961E-23,2.93500,0.04500
value,2.3826E-23,3.02500,0.04500
value,1.9303E-23,3.11500,0.04500
value,1.3436E-23,3.20500,0.04500
value,1.1431E-23,3.29500,0.04500
value,9.1106E-24,3.38500,0.04500
value,7.9935E-24,3.47500,0.04500
value,8.8211E-24,3.56500,0.04500
value,8.3283E-24,3.65500,0.04500
value,8.4582E-24,3.74500,0.04500
value,1.1506E-23,3.83500,0.04500
value,1.0861E-23,3.92500,0.04500
value,1.0405E-23,4.01500,0.04500
value,1.3231E-23,4.10500,0.04500
value,1.0116E-23,4.19500,0.04500
value,8.3402E-24,4.28500,0.04500
value,6.5623E-24,4.37500,0.04500
value,8.1749E-24,4.46500,0.04500
value,7.9921E-24,4.55500,0.04500
value,9.0994E-24,4.64500,0.04500
value,9.7019E-24,4.73500,0.04500
value,7.5759E-24,4.82500,0.04500
value,8.9987E-24,4.91500,0.04500
value,9.2837E-24,5.00500,0.04500
value,5.8166E-24,5.09500,0.04500
value,6.1234E-24,5.18500,0.04500
value,5.6711E-24,5.27500,0.04500
value,6.5919E-24,5.36500,0.04500
value,6.6351E-24,5.45500,0.04500
value,4.9595E-24,5.54500,0.04500
value,4.3790E-24,5.63500,0.04500
value,4.8402E-24,5.72500,0.04500
value,5.3464E-24,5.81500,0.04500
value,4.3506E-24,5.90500,0.04500
value,4.7961E-24,5.99500,0.04500
value,5.9770E-24,6.08500,0.04500
value,5.5411E-24,6.17500,0.04500
value,4.1305E-24,6.26500,0.04500
value,4.5968E-24,6.35500,0.04500
value,4.3702E-24,6.44500,0.04500
value,6.1016E-24,6.53500,0.04500
value,3.7056E-24,6.62500,0.04500
value,3.6432E-24,6.71500,0.04500
value,3.2631E-24,6.80500,0.04500
value,4.5054E-24,6.89500,0.04500
value,3.6218E-24,6.98500,0.04500
value,2.5133E-24,7.07500,0.04500
value,2.8075E-24,7.16500,0.04500
value,2.0080E-24,7.25500,0.04500
value,2.2735E-24,7.34500,0.04500
value,2.6825E-24,7.43500,0.04500
value,2.7069E-24,7.52500,0.04500
value,2.6345E-24,7.61500,0.04500
value,1.8554E-24,7.70500,0.04500
value,2.0700E-24,7.79500,0.04500
value,1.7637E-24,7.88500,0.04500
value,3.0147E-24,7.97500,0.04500
value,2.6202E-24,8.06500,0.04500
value,2.1917E-24,8.15500,0.04500
value,1.6282E-24,8.24500,0.04500
value,2.2506E-24,8.33500,0.04500
value,1.9685E-24,8.42500,0.04500
value,2.3790E-24,8.51500,0.04500
value,1.8775E-24,8.60500,0.04500
value,2.0037E-24,8.69500,0.04500
value,1.6502E-24,8.78500,0.04500
value,2.0754E-24,8.87500,0.04500
value,2.5230E-24,8.96500,0.04500
value,1.2625E-24,9.05500,0.04500
value,1.9018E-24,9.14500,0.04500
value,1.7669E-24,9.23500,0.04500
value,1.7642E-24,9.32500,0.04500
value,1.9662E-24,9.41500,0.04500
value,1.6131E-24,9.50500,0.04500
value,1.8213E-24,9.59500,0.04500
value,2.0904E-24,9.68500,0.04500
value,1.5328E-24,9.77500,0.04500
value,1.4751E-24,9.86500,0.04500
value,1.0820E-24,9.95500,0.24750
value,1.4836E-24,10.45000,0.45000
value,1.0885E-24,11.35000,0.45000
value,9.7159E-25,12.25000,0.45000
value,9.0218E-25,13.15000,0.45000
value,9.1115E-25,14.05000,0.45000
value,9.6765E-25,14.95000,0.45000
value,8.1560E-25,15.85000,0.45000
value,7.4287E-25,16.75000,0.45000
value,9.5590E-25,17.65000,0.45000
value,8.4823E-25,18.55000,0.45000
value,7.7561E-25,19.45000,0.45000
value,6.8099E-25,20.35000,0.45000
value,5.4391E-25,21.25000,0.45000
value,5.8804E-25,22.15000,0.45000
value,5.9344E-25,23.05000,0.45000
value,5.3918E-25,23.95000,0.45000
value,5.3269E-25,24.85000,0.45000
value,5.7449E-25,25.75000,0.45000
value,6.4802E-25,26.65000,0.45000
value,5.2212E-25,27.55000,0.45000
value,4.9977E-25,28.45000,0.45000
value,7.2704E-25,29.35000,0.45000
value,6.5319E-25,30.25000,0.45000
value,5.5545E-25,31.15000,0.45000
value,5.5056E-25,32.05000,0.45000
value,5.3378E-25,32.95000,0.45000
value,6.4588E-25,33.85000,0.45000
value,5.9238E-25,34.75000,0.45000
value,4.5895E-25,35.65000,0.45000
value,4.5467E-25,36.55000,0.45000
value,4.4264E-25,37.45000,0.45000
value,4.1192E-25,38.35000,0.45000
value,3.4727E-25,39.25000,0.45000
value,3.7017E-25,40.15000,0.45000
value,5.1117E-25,41.05000,0.45000
value,7.0724E-25,41.95000,0.45000
value,7.4252E-25,42.85000,0.45000
value,5.5175E-25,43.75000,0.45000
value,5.2498E-25,44.65000,0.45000
value,5.1157E-25,45.55000,0.45000
value,4.6055E-25,46.45000,0.45000
value,4.9524E-25,47.35000,0.45000
value,3.8296E-25,48.25000,0.45000
value,3.1997E-25,49.15000,0.45000
value,2.9874E-25,50.05000,0.45000
value,3.6046E-25,50.95000,0.45000
value,1.8825E-25,51.85000,0.45000
value,3.7064E-25,52.75000,0.45000
value,3.1829E-25,53.65000,0.45000
value,3.0224E-25,54.55000,0.45000
value,3.5461E-25,55.45000,0.45000
value,2.9052E-25,56.35000,0.45000
value,1.2053E-25,57.25000,0.45000
value,1.9352E-25,58.15000,0.45000
value,1.3361E-25,59.05000,0.45000
value,1.6569E-25,59.95000,0.45000
value,1.8133E-25,60.85000,0.45000
value,1.5748E-25,61.75000,0.45000
value,2.5583E-25,62.65000,0.45000
value,2.9978E-25,63.55000,0.45000
value,2.4087E-25,64.45000,0.45000
value,1.2913E-25,65.35000,0.45000
value,1.0794E-25,66.25000,0.45000
value,1.4089E-25,67.15000,0.45000
value,3.4602E-25,68.05000,0.45000
value,4.0250E-25,68.95000,0.45000
value,1.1897E-25,69.85000,0.45000
value,1.2812E-25,70.75000,0.45000
value,2.4600E-25,71.65000,0.45000
value,1.9391E-25,72.55000,0.45000
value,2.1296E-25,73.45000,0.45000
value,1.2892E-25,74.35000,0.45000
value,2.2693E-25,75.25000,0.45000
value,2.9649E-25,76.15000,0.45000
value,2.2412E-25,77.05000,0.45000
value,2.8744E-26,77.95000,0.45000
value,4.3718E-26,78.85000,0.45000
value,6.6607E-26,79.75000,0.45000
value,7.2131E-26,80.65000,0.45000
value,4.4283E-26,81.55000,0.45000
value,2.9969E-26,82.45000,0.45000
value,3.3434E-26,83.35000,0.45000
value,3.9315E-26,84.25000,0.45000
value,2.2369E-26,85.15000,0.45000
value,1.8414E-26,86.05000,0.45000
value,2.6125E-26,86.95000,0.45000
value,1.0033E-25,87.85000,0.45000
value,1.1787E-25,88.75000,0.45000
value,6.8517E-27,89.65000,0.45000
value,3.5245E-26,90.55000,0.45000
value,2.7126E-26,91.45000,0.45000
value,1.9911E-26,92.35000,0.45000
value,1.7550E-26,93.25000,0.45000
value,4.2370E-26,94.15000,0.45000
value,5.7920E-26,95.05000,0.45000
value,2.4963E-26,95.95000,0.45000
value,2.9913E-26,96.85000,0.45000
value,6.9229E-27,97.75000,0.45000
value,1.4433E-26,98.65000,0.45000
value,9.3549E-27,99.55000,2.60000
value,4.2285E-26,104.75000,4.75000
value,1.4437E-26,114.25000,4.75000
value,1.7205E-26,123.75000,4.75000
value,1.0174E-26,133.25000,4.75000
value,6.1164E-27,142.75000,4.75000
value,5.8894E-27,152.25000,4.75000
value,6.3543E-27,161.75000,4.75000
value,3.1623E-27,171.25000,4.75000
value,2.5232E-27,180.75000,4.75000
value,4.3008E-27,190.25000,4.75000
value,1.4132E-27,199.75000,4.75000
value,5.1609E-28,209.25000,4.75000
value,6.8936E-28,218.75000,4.75000
value,1.7647E-27,228.25000,4.75000
value,1.1632E-27,237.75000,4.75000
value,6.1047E-28,247.25000,4.75000
value,2.9228E-28,256.75000,0.00000
